Enter values for first matrix
Enter values for second matrix
Matrix A: 
  -3    0    6   -9 
   1   -3    4    1 
   3    1    2   -1 
  -4    5   -5   -4 

Matrix B: 
  -6   -6   -4    1 
  -1    9   -4    9 
  -2   -2    3    2 
   7   -7   -8    6 

Matrix C: 
 -57   69  102  -45 
  -4  -48   12  -12 
 -30   -6   -2   10 
   1  107   13    7 
