Enter values for first matrix
Enter values for second matrix
Matrix A: 
   4    0    6    5 
  -5    4   -4   -8 
  -3    6    0    4 
   9    5   -9    5 

Matrix B: 
   6    7   -8   -8 
   8   -5    8   -7 
  -2   -2    8   -8 
  -5   -3   -8    1 

Matrix C: 
 -13    1  -24  -75 
  50  -23  104   36 
  10  -63   40  -14 
  87   41 -144  -30 
