Enter values for first matrix
Enter values for second matrix
Matrix A: 
   5   -2    3   -6 
   0    8   -1    0 
   6   -6   -5    6 
   5    7    0    8 

Matrix B: 
   9   -5   -9    0 
   6   -9    3    6 
  -7    8   -9    3 
   3   -7    5    5 

Matrix C: 
  -6   59 -108  -33 
  55  -80   33   45 
  71  -58    3  -21 
 111 -144   16   82 
