Producer 0 created
Producer 1 created
Producer 2 created
Worker 0 created
Producer 4 created
Producer 3 created
2(producer) successfully created job with matrixid 36717
Current process id is: 15820
----------------------------Print Job----------------------------
Producer Number : 2
Matrix Id : 36717
Status : 255
0 -1 -1 7 
-3 7 5 5 
-7 9 7 3 
0 -2 8 8 
Worker 1 created
Worker 4 created
Worker 6 created
Worker 2 created
Worker 8 created
Worker 3 created
Cur Size : 1
Cur Size : 1
Worker 5 created
Cur Size : 1
Worker 7 created
Worker 9 created
Cur Size : 1
2(producer) successfully created job with matrixid 5323
Current process id is: 15820
----------------------------Print Job----------------------------
Producer Number : 2
Matrix Id : 5323
Status : 255
-4 8 -3 9 
8 4 4 5 
-7 -4 3 2 
-6 9 8 2 
0
i,j,k 0, 0, 0
-8 -4 
68 4 
**************************first ON 0
Cur Size : 3
1
i,j,k 1, 0, 0
100 -20 
-16 -8 
**************************first ON 1
Cur Size : 3
2
i,j,k 0, 1, 0
-4 -5 
37 8 
**************************first ON 2
0(producer) successfully created job with matrixid 80788
Current process id is: 15818
----------------------------Print Job----------------------------
Producer Number : 0
Matrix Id : 80788
Status : 255
-1 -2 8 7 
-8 8 4 9 
8 -6 5 8 
5 8 7 1 
4(producer) successfully created job with matrixid 19571
Current process id is: 15822
----------------------------Print Job----------------------------
Producer Number : 4
Matrix Id : 19571
Status : 255
3 7 2 -7 
-3 -7 -1 0 
1 -4 6 -6 
6 9 4 6 
Producer 3 exited
Producer 4 exited
Cur Size : 5
3
i,j,k 1, 1, 0
57 -18 
-8 -10 
**************************first ON 3
Cur Size : 5
4
i,j,k 0, 0, 1
-43 63 
3 29 
**************************first ON 4
Cur Size : 5
5
i,j,k 1, 0, 1
33 -21 
-120 32 
**************************first ON 5
Cur Size : 5
6
i,j,k 0, 1, 1
49 7 
92 28 
**************************first ON 6
Cur Size : 5
Cur Size : 5
7
i,j,k 1, 1, 1
102 2 
80 22 
**************************first ON 7
Job Done worked id :0, worker 2: 1
----------------------------Print Job----------------------------
Producer Number : -10
Matrix Id : 62316
Status : 255
-43 63 49 7 
3 29 92 28 
33 -21 102 2 
-120 32 80 22 
0
i,j,k 0, 0, 0
-461 590 
-235 226 
**************************first ON 0
Cur Size : 4
1
i,j,k 1, 0, 0
135 -234 
-136 496 
**************************first ON 1
Cur Size : 4
2
i,j,k 0, 1, 0
-92 266 
140 282 
**************************first ON 2
Producer 2 exited
Cur Size : 4
3
i,j,k 1, 1, 0
180 42 
-832 -552 
**************************first ON 3
Cur Size : 4
4
i,j,k 0, 0, 1
-34 352 
641 -102 
**************************first ON 4
Producer 0 exited
Cur Size : 4
5
i,j,k 1, 0, 1
961 -830 
614 192 
**************************first ON 5
Cur Size : 4
6
i,j,k 0, 1, 1
202 665 
796 1046 
**************************first ON 6
Producer 1 exited
Cur Size : 4
7
i,j,k 1, 1, 1
704 860 
-278 110 
**************************first ON 7
Job Done worked id :2, worker 2: 3
----------------------------Print Job----------------------------
Producer Number : -10
Matrix Id : 58688
Status : 255
-34 352 202 665 
641 -102 796 1046 
961 -830 704 860 
614 192 -278 110 
Cur Size : 2
Cur Size : 2
0
i,j,k 0, 0, 0
4385 342 
-4385 -342 
**************************first ON 0
1
i,j,k 1, 0, 0
-2598 760 
5565 1194 
**************************first ON 1
Cur Size : 3
2
i,j,k 0, 1, 0
6178 9317 
-6178 -9317 
**************************first ON 2
Cur Size : 3
3
i,j,k 1, 1, 0
-2982 -3519 
8376 13404 
**************************first ON 3
Cur Size : 3
4
i,j,k 0, 0, 1
2009 -2662 
-5346 488 
**************************first ON 4
Cur Size : 3
5
i,j,k 1, 0, 1
-516 -5372 
13093 -974 
**************************first ON 5
Cur Size : 3
6
i,j,k 0, 1, 1
9532 10267 
-6882 -10177 
**************************first ON 6
Cur Size : 3
7
i,j,k 1, 1, 1
2910 981 
9524 17504 
**************************first ON 7
Job Done worked id :4, worker 2: 5
----------------------------Print Job----------------------------
Producer Number : -10
Matrix Id : 70275
Status : 255
2009 -2662 9532 10267 
-5346 488 -6882 -10177 
-516 -5372 2910 981 
13093 -974 9524 17504 
Worker 4 exited
Cur Size : 1
Worker 9 exited
Cur Size : 1
Worker 7 exited
Cur Size : 1
Worker 6 exited
Cur Size : 1
Worker 0 exited
Cur Size : 1
Worker 5 exited
Cur Size : 1
Worker 2 exited
Cur Size : 1
Worker 1 exited
Cur Size : 1
Worker 8 exited
Cur Size : 1
Worker 3 exited
